12
833
1
0
100
3.0 13.0
3.0 13.0
3.0 13.0
3.0 13.0
3.0 13.0
3.0 13.0
3.0 13.0
3.0 13.0
3.0 13.0
3.0 13.0
3.0 13.0
3.0 13.0
3.0 13.0
3.0 13.0
3.0 13.0
3.0 13.0
3.0 13.0
3.0 13.0
3.0 13.0
3.0 13.0
3.0 13.0
3.0 13.0
3.0 13.0
3.0 13.0
3.0 13.0
3.0 13.0
3.0 13.0
3.0 13.0
3.0 13.0
3.0 13.0
3.0 13.0
3.0 13.0
3.0 13.0
3.0 13.0
3.0 13.0
3.0 13.0
3.0 13.0
3.0 13.0
3.0 13.0
3.0 13.0
3.0 13.0
3.0 13.0
3.0 13.0
3.0 13.0
3.0 13.0
3.0 13.0
3.0 13.0
3.0 13.0
3.0 13.0
3.0 13.0
3.0 13.0
3.0 13.0
3.0 13.0
3.0 13.0
3.0 13.0
3.0 13.0
3.0 13.0
3.0 13.0
3.0 13.0
3.0 13.0
3.0 13.0
3.0 13.0
3.0 13.0
3.0 13.0
3.0 13.0
3.0 13.0
3.0 13.0
3.0 13.0
3.0 13.0
3.0 13.0
3.0 13.0
3.0 13.0
3.0 13.0
3.0 13.0
3.0 13.0
3.0 13.0
3.0 13.0
3.0 13.0
3.0 13.0
3.0 13.0
3.0 13.0
3.0 13.0
3.0 13.0
3.0 13.0
3.0 13.0
3.0 13.0
3.0 13.0
3.0 13.0
3.0 13.0
3.0 13.0
3.0 13.0
3.0 13.0
3.0 13.0
3.0 13.0
3.0 13.0
3.0 13.0
3.0 13.0
3.0 13.0
3.0 13.0
3.0 13.0
0.9
0.01
1
1
0
1
0.001
1
1
1
833
1
