12
833
1
0
100
-5.12 5.12
-5.12 5.12
-5.12 5.12
-5.12 5.12
-5.12 5.12
-5.12 5.12
-5.12 5.12
-5.12 5.12
-5.12 5.12
-5.12 5.12
-5.12 5.12
-5.12 5.12
-5.12 5.12
-5.12 5.12
-5.12 5.12
-5.12 5.12
-5.12 5.12
-5.12 5.12
-5.12 5.12
-5.12 5.12
-5.12 5.12
-5.12 5.12
-5.12 5.12
-5.12 5.12
-5.12 5.12
-5.12 5.12
-5.12 5.12
-5.12 5.12
-5.12 5.12
-5.12 5.12
-5.12 5.12
-5.12 5.12
-5.12 5.12
-5.12 5.12
-5.12 5.12
-5.12 5.12
-5.12 5.12
-5.12 5.12
-5.12 5.12
-5.12 5.12
-5.12 5.12
-5.12 5.12
-5.12 5.12
-5.12 5.12
-5.12 5.12
-5.12 5.12
-5.12 5.12
-5.12 5.12
-5.12 5.12
-5.12 5.12
-5.12 5.12
-5.12 5.12
-5.12 5.12
-5.12 5.12
-5.12 5.12
-5.12 5.12
-5.12 5.12
-5.12 5.12
-5.12 5.12
-5.12 5.12
-5.12 5.12
-5.12 5.12
-5.12 5.12
-5.12 5.12
-5.12 5.12
-5.12 5.12
-5.12 5.12
-5.12 5.12
-5.12 5.12
-5.12 5.12
-5.12 5.12
-5.12 5.12
-5.12 5.12
-5.12 5.12
-5.12 5.12
-5.12 5.12
-5.12 5.12
-5.12 5.12
-5.12 5.12
-5.12 5.12
-5.12 5.12
-5.12 5.12
-5.12 5.12
-5.12 5.12
-5.12 5.12
-5.12 5.12
-5.12 5.12
-5.12 5.12
-5.12 5.12
-5.12 5.12
-5.12 5.12
-5.12 5.12
-5.12 5.12
-5.12 5.12
-5.12 5.12
-5.12 5.12
-5.12 5.12
-5.12 5.12
-5.12 5.12
-5.12 5.12
0.9
0.01
1
1
0
1
0.001
1
1
1
833
1
