12
833
1
0
100
-1.0 2.0
-1.0 2.0
-1.0 2.0
-1.0 2.0
-1.0 2.0
-1.0 2.0
-1.0 2.0
-1.0 2.0
-1.0 2.0
-1.0 2.0
-1.0 2.0
-1.0 2.0
-1.0 2.0
-1.0 2.0
-1.0 2.0
-1.0 2.0
-1.0 2.0
-1.0 2.0
-1.0 2.0
-1.0 2.0
-1.0 2.0
-1.0 2.0
-1.0 2.0
-1.0 2.0
-1.0 2.0
-1.0 2.0
-1.0 2.0
-1.0 2.0
-1.0 2.0
-1.0 2.0
-1.0 2.0
-1.0 2.0
-1.0 2.0
-1.0 2.0
-1.0 2.0
-1.0 2.0
-1.0 2.0
-1.0 2.0
-1.0 2.0
-1.0 2.0
-1.0 2.0
-1.0 2.0
-1.0 2.0
-1.0 2.0
-1.0 2.0
-1.0 2.0
-1.0 2.0
-1.0 2.0
-1.0 2.0
-1.0 2.0
-1.0 2.0
-1.0 2.0
-1.0 2.0
-1.0 2.0
-1.0 2.0
-1.0 2.0
-1.0 2.0
-1.0 2.0
-1.0 2.0
-1.0 2.0
-1.0 2.0
-1.0 2.0
-1.0 2.0
-1.0 2.0
-1.0 2.0
-1.0 2.0
-1.0 2.0
-1.0 2.0
-1.0 2.0
-1.0 2.0
-1.0 2.0
-1.0 2.0
-1.0 2.0
-1.0 2.0
-1.0 2.0
-1.0 2.0
-1.0 2.0
-1.0 2.0
-1.0 2.0
-1.0 2.0
-1.0 2.0
-1.0 2.0
-1.0 2.0
-1.0 2.0
-1.0 2.0
-1.0 2.0
-1.0 2.0
-1.0 2.0
-1.0 2.0
-1.0 2.0
-1.0 2.0
-1.0 2.0
-1.0 2.0
-1.0 2.0
-1.0 2.0
-1.0 2.0
-1.0 2.0
-1.0 2.0
-1.0 2.0
-1.0 2.0
0.9
0.01
1
1
0
1
0.001
1
1
1
833
1
