12
833
1
0
100
-30.0 30.0
-30.0 30.0
-30.0 30.0
-30.0 30.0
-30.0 30.0
-30.0 30.0
-30.0 30.0
-30.0 30.0
-30.0 30.0
-30.0 30.0
-30.0 30.0
-30.0 30.0
-30.0 30.0
-30.0 30.0
-30.0 30.0
-30.0 30.0
-30.0 30.0
-30.0 30.0
-30.0 30.0
-30.0 30.0
-30.0 30.0
-30.0 30.0
-30.0 30.0
-30.0 30.0
-30.0 30.0
-30.0 30.0
-30.0 30.0
-30.0 30.0
-30.0 30.0
-30.0 30.0
-30.0 30.0
-30.0 30.0
-30.0 30.0
-30.0 30.0
-30.0 30.0
-30.0 30.0
-30.0 30.0
-30.0 30.0
-30.0 30.0
-30.0 30.0
-30.0 30.0
-30.0 30.0
-30.0 30.0
-30.0 30.0
-30.0 30.0
-30.0 30.0
-30.0 30.0
-30.0 30.0
-30.0 30.0
-30.0 30.0
-30.0 30.0
-30.0 30.0
-30.0 30.0
-30.0 30.0
-30.0 30.0
-30.0 30.0
-30.0 30.0
-30.0 30.0
-30.0 30.0
-30.0 30.0
-30.0 30.0
-30.0 30.0
-30.0 30.0
-30.0 30.0
-30.0 30.0
-30.0 30.0
-30.0 30.0
-30.0 30.0
-30.0 30.0
-30.0 30.0
-30.0 30.0
-30.0 30.0
-30.0 30.0
-30.0 30.0
-30.0 30.0
-30.0 30.0
-30.0 30.0
-30.0 30.0
-30.0 30.0
-30.0 30.0
-30.0 30.0
-30.0 30.0
-30.0 30.0
-30.0 30.0
-30.0 30.0
-30.0 30.0
-30.0 30.0
-30.0 30.0
-30.0 30.0
-30.0 30.0
-30.0 30.0
-30.0 30.0
-30.0 30.0
-30.0 30.0
-30.0 30.0
-30.0 30.0
-30.0 30.0
-30.0 30.0
-30.0 30.0
-30.0 30.0
0.9
0.01
1
1
0
1
0.001
1
1
1
833
1
